0.01000 2.29366
0.02000 2.11736
0.03000 2.00558
0.04000 1.92158
0.05000 1.85334
0.06000 1.79537
0.07000 1.74464
0.08000 1.69932
0.09000 1.65820
0.10000 1.62045
0.11000 1.58547
0.12000 1.55280
0.13000 1.52209
0.14000 1.49307
0.15000 1.46553
0.16000 1.43927
0.17000 1.41416
0.18000 1.39008
0.19000 1.36690
0.20000 1.34456
0.21000 1.32296
0.22000 1.30205
0.23000 1.28177
0.24000 1.26206
0.25000 1.24288
0.26000 1.22418
0.27000 1.20594
0.28000 1.18812
0.29000 1.17069
0.30000 1.15362
0.31000 1.13689
0.32000 1.12047
0.33000 1.10436
0.34000 1.08852
0.35000 1.07294
0.36000 1.05761
0.37000 1.04251
0.38000 1.02762
0.39000 1.01294
0.40000 0.99844
0.41000 0.98413
0.42000 0.96998
0.43000 0.95599
0.44000 0.94215
0.45000 0.92845
0.46000 0.91488
0.47000 0.90143
0.48000 0.88810
0.49000 0.87487
0.50000 0.86173
0.51000 0.84869
0.52000 0.83574
0.53000 0.82286
0.54000 0.81005
0.55000 0.79730
0.56000 0.78461
0.57000 0.77197
0.58000 0.75938
0.59000 0.74682
0.60000 0.73429
0.61000 0.72179
0.62000 0.70930
0.63000 0.69683
0.64000 0.68436
0.65000 0.67188
0.66000 0.65940
0.67000 0.64690
0.68000 0.63437
0.69000 0.62181
0.70000 0.60921
0.71000 0.59655
0.72000 0.58384
0.73000 0.57105
0.74000 0.55818
0.75000 0.54523
0.76000 0.53216
0.77000 0.51898
0.78000 0.50566
0.79000 0.49219
0.80000 0.47856
0.81000 0.46473
0.82000 0.45070
0.83000 0.43642
0.84000 0.42188
0.85000 0.40704
0.86000 0.39186
0.87000 0.37630
0.88000 0.36029
0.89000 0.34378
0.90000 0.32667
0.91000 0.30886
0.92000 0.29023
0.93000 0.27059
0.94000 0.24969
0.95000 0.22720
0.96000 0.20255
0.97000 0.17486
0.98000 0.14231
0.99000 0.10031
0.99360 0.08016
0.99640 0.06007
0.99840 0.04002
0.99960 0.02000
1.00000 0.00000
